

===== xl/worksheets/sheet1.xml =====
0
1
2
3
4 | 5
6 | 7
8 | 9
10 | 11
12 | 13
14
15 | 16
17 | 18
19 | 20
21 | 22
23 | 24
25 | 26
27 | 28
29 | 30
31 | 32
33 | 34


===== xl/worksheets/sheet10.xml =====
260
261
262 | 263 | 264 | 12
265 | 266 | 267 | 268
269 | 270 | 271 | 272
273 | 274 | 275 | 272
276 | 277 | 278 | 272
279 | 280 | 281 | 272
282 | 283 | 284 | 272
285 | 286 | 287 | 288


===== xl/worksheets/sheet11.xml =====
289
290
291 | 292 | 293 | 294
295 | 296 | 297 | 298
295 | 299 | 300 | 298
295 | 301 | 302 | 303
295 | 304 | 305 | 303
295 | 306 | 307 | 303
308 | 70 | 309 | 310
308 | 311 | 312 | 310
308 | 313 | 314 | 310
308 | 315 | 316 | 310


===== xl/worksheets/sheet2.xml =====
35
36 | 37
38 | 39
40 | 41
42 | 43
44 | 45


===== xl/worksheets/sheet3.xml =====
46
6 | 47
48 | 49
50 | 51
52 | 53
54 | 55
56 | 57
58 | 59


===== xl/worksheets/sheet4.xml =====
60
61
62 | 63
64 | 65
66 | 67
68 | 69
70 | 71
72 | 73
74 | 75 | 76
77 | 6 | 78 | 79
80 | 20 | 78 | 79
81 | 5000 | 82 | 83
84 | 50 | 82 | 85
86 | 4000 | 82 | 87
88 | 78 | 89
90 | 82 | 91
92 | 82 | 93
94 | 82 | 95
96 | 82 | 97
98 | 82 | 99
100


===== xl/worksheets/sheet5.xml =====
101
102
103 | 104 | 105 | 106
107 | 108 | 109 | 110
111 | 112 | 113 | 114
115 | 113 | 116 | 117
118 | 119 | 120 | 117
121 | 122 | 123 | 124
125 | 126 | 123 | 127
128 | 129 | 130 | 131
132 | 109 | 109 | 133


===== xl/worksheets/sheet6.xml =====
134
135
136 | 137 | 138 | 139 | 140 | 141
142 | 143 | 144 | 145 | 146 | 147
148 | 149 | 150 | 151 | 152 | 142
153 | 154 | 155 | 156 | 157 | 142
158 | 159 | 160 | 161 | 162 | 142
163 | 164 | 165 | 166 | 167 | 148


===== xl/worksheets/sheet7.xml =====
168
169
170 | 171 | 172 | 173 | 174
175 | 176 | 142 | 177 | 178
179 | 180 | 148 | 181 | 182
183 | 184 | 148 | 185 | 186
187 | 188 | 148 | 189 | 190
191 | 192 | 153 | 193 | 194
195 | 196 | 153 | 197 | 198
199 | 200 | 142 | 201 | 202
203 | 204 | 205 | 206 | 207
208 | 209 | 158 | 210 | 211


===== xl/worksheets/sheet8.xml =====
212
213 | 214
215 | 216
217 | 218
219 | 220
221 | 222
223 | 224
225 | 226


===== xl/worksheets/sheet9.xml =====
227
228
229 | 230 | 231 | 232
233 | 234 | 235 | 236
237 | 238 | 239 | 240
241 | 242 | 243 | 244
245 | 246 | 247 | 248
249 | 250 | 251 | 252
221 | 253 | 254 | 255
256 | 257 | 258 | 259
